0.7393415 1264 1339 0.4462669 1442 1435
0.1708597 305 336 0.6016473 1009 1055
0.260881 238 263 0.3772429 728 776
0.7483507 1334 1414 0.4361708 1234 1246
0.2642726 273 318 0.6331699 942 973
0.08727198 102 127 0.4861259 820 855
0.3983939 1086 1237 0.334012 1367 1441
0.3827661 204 244 0.282575 735 860
0.308409 240 274 0.7351708 1004 983
0.3437105 921 1080 0.8669268 1293 1402
0.09993634 116 141 0.3723741 987 1152
0.2249017 456 503 0.4854725 725 803
0.1887403 1342 1339 0.3428366 1263 1275
0.319743 259 277 0.6553989 1298 1299
0.2994868 309 343 0.5715975 1199 1260
0.4970787 1322 1380 0.4206069 1400 1415
0.1205522 162 217 0.6081336 1031 1039
0.1820304 150 184 0.3018535 712 786
0.7499152 1305 1387 0.38967 1291 1319
0.329746 274 323 0.6861092 949 976
0.1204685 391 448 0.5080134 818 876
0.3339989 979 1113 0.2298203 1199 1280
0.3478443 279 318 0.4161413 734 871
0.3191684 251 278 0.6617146 971 994
0.2808007 1030 1209 0.6238793 1271 1382
0.1398398 149 187 0.4280648 780 884
0.3017201 227 255 0.2134363 700 865
0.1802536 1311 1373 0.3691725 1249 1314
0.2174368 258 311 0.6684726 1274 1309
0.1511399 527 618 0.4204172 733 821
0.5476791 1255 1367 0.2921827 1286 1353
0.08782354 115 148 0.5244631 1039 1067
0.1769671 175 204 0.2727076 777 850
0.6405353 1263 1387 0.3940998 1131 1246
0.2373255 253 270 0.6295813 985 1010
0.0955546 137 182 0.4361449 806 822
0.481459 1001 1138 0.2467078 1268 1375
0.4493448 352 382 0.3186637 717 812
0.2190184 528 575 0.9869411 928 976
0.3375102 1010 1161 0.770562 1286 1384
0.2160304 331 394 0.4550823 833 913
0.2276496 163 197 0.3517655 749 843
0.1608602 1370 1354 0.3218482 1254 1294
0.2217066 300 323 0.8573491 1015 999
0.1090212 107 137 0.4129458 789 843
0.541577 1266 1316 0.3680825 1423 1437
0.1082998 120 133 0.5500946 1115 1161
0.3171849 234 256 0.3883693 716 825
0.6765999 1286 1359 0.3817956 1217 1255
0.476112 230 259 0.6995083 994 974
0.0893461 114 166 0.4216305 833 880
0.3551542 965 1123 0.2522463 1240 1325
0.3364345 246 301 0.4110334 702 817
0.272772 236 264 0.8695276 908 906
0.3315802 948 1095 0.5808017 1243 1347
0.1289729 116 142 0.4657435 799 870
0.5023921 238 269 0.5219857 801 876
0.1850189 928 928 0.3949091 1231 1253
0.2068322 817 910 0.8334549 1024 1030
0.3210553 331 381 0.4354295 779 842
0.8053038 1135 1277 0.3982825 1453 1438
0 0 0 0.4857227 945 990
0.3237006 168 182 0.3301218 718 819
0.5353878 1269 1383 0.3634613 1140 1225
0.1717535 691 771 0.425296 1265 1307
0.1743871 168 195 0.4275895 928 1027
0.3695963 986 1146 0.2425105 1188 1333
0.3881983 321 371 0.3557548 727 828
0.1834168 242 277 1.014553 918 955
0.2956974 1001 1172 0.5703444 1281 1395
0.1312877 202 255 0.3956047 751 852
0.3193188 238 271 0.2961738 693 811
0.1740696 1219 1206 0.3970088 1286 1257
0.1825898 852 1004 0.6913646 881 917
0.1885251 231 263 0.6003536 967 961
0.688175 1170 1260 0.4214872 1526 1510
0.1429669 154 194 0.6298996 1048 1077
0.2714186 218 250 0.3461293 717 810
0.6371111 1320 1437 0.3958217 1139 1259
0.3286187 289 300 0.444491 1229 1275
0.08268157 95 128 0.4015517 764 870
0.474985 1030 1171 0.2187836 1228 1373
0.3725986 271 316 0.3980925 741 824
0.2120485 245 271 0.6944754 1146 1195
0.3908478 956 1072 0.5940863 1250 1401
0.1229495 158 195 0.4089631 757 818
0.2589338 175 193 0.3543957 762 824
0.1638572 1304 1327 0.3426123 1290 1277
0.2492041 223 255 0.6900157 911 952
0.09965154 105 129 0.3834018 779 856
0.6664154 1113 1267 0.3505133 1483 1518
0.2040227 127 144 0.49656 910 967
0.2676167 222 260 0.3110772 724 828
0.6152098 1226 1312 0.3907836 1142 1229
0.1497066 670 735 0.6682494 982 981
0.07947163 111 136 0.3903353 760 836
0.4592013 883 1088 0.2713617 1199 1313
0.6004859 291 313 0.3205294 724 812
0.2927308 298 325 0.7549032 1033 1062
0.3195326 942 1092 0.6598771 1304 1394
0.1002196 106 143 0.5206671 842 909
0.2182918 223 272 0.4638257 779 847
0.1620093 914 932 0.2961062 1240 1290
0.2280959 654 793 0.7765816 926 932
0.208076 203 219 0.7583574 988 986
0.5637085 1035 1137 0.2634364 1392 1387
0.1393113 100 143 0.4011762 983 1080
0.2318797 149 184 0.4560139 699 793
0.6212311 1293 1397 0.3775867 1112 1227
0.4469674 228 247 0.8330596 1023 976
0.09100319 101 137 0.3245159 727 825
0.5707525 996 1136 0.2412392 1239 1370
0.3308152 560 614 0.3152273 953 1088
0.209249 329 389 0.8148761 984 1017
0.3565086 919 1060 0.6977989 1341 1418
0.1064484 99 136 0.4467359 786 863
0.262323 344 396 0.4798847 736 830
0.1555803 1299 1318 0.3010364 1244 1285
0.3602593 293 336 0.851397 971 955
0.2312019 205 237 0.4480164 691 779
0.6615624 1108 1245 0.2490498 1405 1441
0.08830778 77 127 0.5306013 816 849
0.2373589 280 314 0.3570887 729 840
0.7780055 1167 1285 0.4371043 1085 1170
0.3790799 240 257 0.7750221 1014 979
0.1048138 98 140 0.4066009 820 901
0.5869803 1011 1141 0.255578 1239 1343
0.2698427 180 213 0.8179272 728 824
0.4090871 258 272 0.8818689 932 959
0.4695432 878 1067 0.7669243 1241 1354
0.09333557 90 129 0.2929808 958 1180
0.2694255 490 524 0.4853438 775 831
0.1654656 1262 1238 0.3045226 1290 1280
0.2452109 412 460 0.7077149 900 937
0.1856178 121 139 0.3554373 747 851
0.8002183 1118 1259 0.3064352 1509 1501
0.1344249 314 392 0.4105995 885 885
0.3080296 231 271 0.2368988 658 816
0.6070069 1310 1408 0.4656646 1037 1134
0.2354629 174 192 0.6444399 1037 1003
0.1106204 104 129 0.4338274 1071 1165
0.3405451 1110 1271 0.1805906 1318 1431
0.3297306 238 289 0.5073552 701 805
0.3320324 250 275 0.848075 927 952
0.4257946 836 978 0.8623685 1216 1368
0.198586 271 321 0.4602077 779 851
0.2824992 266 319 0.4583052 824 866
0.1216916 905 946 0.2640321 1257 1333
0.3242721 238 260 0.7738781 940 959
0.2498325 162 175 0.4778636 742 815
0.7752782 1141 1250 0.3011485 1450 1462
0.1615422 296 370 0.5562729 1148 1201
0.2346688 177 200 0.2225412 716 842
0.6107454 1306 1395 0.3467001 1169 1260
0.274153 234 269 0.4801599 1226 1257
0.1065028 108 146 0.3627272 888 1027
0.4908337 1082 1208 0.2396417 1272 1334
0.2932302 213 260 0.3737952 756 862
0.192794 580 644 0.8407451 897 928
0.3478594 850 1019 0.7619818 1289 1398
0.09374859 275 393 0.4135601 765 814
0.1734529 598 700 0.4080978 1026 1156
0.1343153 1328 1331 0.2791134 1275 1284
0.2850222 245 259 0.742484 980 943
0.4196994 258 275 0.7042251 948 954
0.7364811 1139 1222 0.314731 1399 1380
0.1279307 458 576 0.5393438 1150 1193
0.3148062 217 243 0.3280505 713 798
0.5961987 1303 1399 0.2908731 1118 1230
0.2928373 169 200 0.6360426 1065 1070
0.119084 114 130 0.36138 791 871
0.5184116 1101 1233 0.217382 1302 1378
0.2534478 146 178 0.3907293 801 826
0.1553729 297 337 1.20795 1081 1118
0.4383401 768 891 0.7024498 1261 1405
0.1170243 101 132 0.3425844 968 1164
0.2487013 350 410 0.4301131 752 827
0.1495467 1325 1304 0.3363531 1314 1288
0.2341624 815 894 0.7739969 924 962
0.1115044 102 133 0.4041274 790 867
0.7622538 1237 1334 0.348928 1549 1546
0.1791403 264 306 0.6235372 820 886
0.4352154 279 321 0.397729 745 844
0.6336015 1301 1403 0.3886276 1218 1261
0.3552659 294 323 0.6186066 1104 1109
0.09041645 112 143 0.2765674 723 878
0.4119196 1049 1204 0.1908005 1212 1324
0.3280312 221 254 0.392483 699 814
0.2691285 249 271 0.7248152 1156 1207
0.4410054 835 950 0.6920331 1271 1393
0.08027558 320 426 0.3431342 1029 1142
0.2210984 412 487 0.5435877 789 851
0.1390761 1325 1315 0.3029242 1283 1291
0.4202704 230 245 0.5454702 1269 1305
0.2846478 246 258 0.707993 989 993
0.6183637 1114 1252 0.3376079 1358 1354
0.09718806 119 141 0.6228108 807 879
0.3137084 220 257 0.2867446 607 726
0.7167418 1324 1384 0.3809681 1212 1291
0.2642526 244 247 0.6596425 951 980
0.1818226 115 146 0.4255621 781 866
0.4938083 1087 1233 0.1642835 1270 1414
0.2939019 227 259 0.4081137 748 859
0.1683972 357 401 1.12316 938 947
0.4078139 800 953 0.8092937 1336 1427
0.1081494 83 114 0.2068552 728 875
0.4173325 363 385 0.3519439 689 812
0.1516543 585 590 0.2817779 1236 1281
0.2506476 289 318 0.8400417 1096 1078
0.2036093 203 251 0.385024 734 814
0.6441547 1147 1206 0.3109809 1352 1378
0.1450042 309 372 0.6830191 901 943
0.2660923 221 240 0.2813516 709 828
0.777669 1418 1440 0.4424552 1211 1240
0.2417946 493 519 0.6214687 959 1009
0.07843757 328 463 0.3719125 757 836
0.4355551 1073 1176 0.1749322 1174 1333
0.3257791 204 244 0.4312918 759 821
0.2871562 329 373 0.8103769 913 942
0.3767143 811 971 0.7590287 1288 1344
0.2145739 162 187 0.3960446 1001 1129
0.328987 230 243 0.4055876 742 848
0.1728044 1302 1316 0.3674918 1299 1300
0.316427 294 329 0.7788851 1009 987
0.1285229 105 118 0.3744888 784 867
0.6426914 1242 1352 0.2362093 1348 1444
0.1404347 147 192 0.5016413 975 1159
0.2761577 236 259 0.2451067 720 832
0.8033836 1263 1360 0.483086 1028 1135
0.3074894 329 340 0.5830845 998 1007
0.07236729 110 149 0.4214124 765 879
0.4595266 1023 1179 0.1793354 1209 1389
0.2421793 201 245 0.2796749 715 840
0.2698666 241 262 0.9442397 890 920
0.4047208 757 884 0.6038067 1265 1388
0.1028414 91 123 0.4316279 777 864
0.378073 239 272 0.4525925 774 822
0.1336102 267 291 0.2824207 1223 1306
0.3501407 179 199 0.8184149 961 970
0.2627699 219 255 0.376243 647 723
0.6841853 1235 1304 0.2631031 1463 1478
0.1252307 357 425 0.4747154 1076 1149
0.2541453 178 198 0.3023718 756 847
0.7633007 1231 1348 0.4558933 1059 1158
0.2862455 255 277 0.7000828 986 989
0.1207539 150 196 0.4055837 787 884
0.5069743 1035 1204 0.2153445 1287 1382
0.3540188 155 193 0.360921 736 840
0.2250041 367 405 0.9795761 936 941
0.3925387 754 892 0.6412499 1240 1367
0.1363877 353 443 0.2937909 1063 1173
0.2676125 223 263 0.3913829 781 840
0.1543588 1311 1322 0.3066204 1220 1297
0.3521256 333 369 0.8493446 1006 995
0.2879418 286 316 0.8803043 982 1009
0.5350187 1196 1294 0.2917417 1306 1346
0.1478646 595 674 0.5841386 802 814
0.2565477 208 261 0.3443775 755 871
0.7470751 1289 1361 0.4678178 1165 1252
0.3166416 181 195 0.5112978 909 948
0.1439053 119 133 0.3162101 966 1197
0.6261132 1010 1144 0.1858633 1220 1333
0.3174078 182 210 0.3500825 697 803
0.1613903 504 573 0.8115252 1198 1221
0.3667284 788 933 0.7288404 1253 1372
0.1764547 174 228 0.5658035 1064 1145
0.3844327 222 258 0.5153555 762 832
0.1369614 1303 1353 0.2512574 1226 1286
0.3519142 510 575 0.9288808 1066 1044
0.1201824 99 124 0.3694996 758 841
0.5852556 1202 1303 0.255522 1285 1352
0.170124 421 451 0.4522184 782 826
0.2309797 166 198 0.2935539 732 841
0.6089374 1346 1452 0.2559181 1273 1336
0.3002829 167 208 0.6219254 1325 1336
0.07851434 96 139 0.4184132 785 856
0.4553965 1086 1251 0.1725125 1217 1360
0.2710509 216 262 0.4481391 754 833
0.2081345 329 351 0.6876684 1268 1328
0.4543691 799 977 0.7566428 1219 1348
0.1347428 111 136 0.457243 1086 1122
0.3661 254 270 0.4292777 763 850
0.1703137 1289 1390 0.3018726 1218 1321
0.2695406 453 465 0.797991 945 951
0.401846 300 333 0.8127444 1027 1004
0.6828606 1248 1297 0.3232899 1445 1499
0.1435884 115 138 0.5618231 851 881
0.2603018 221 249 0.3443822 730 819
0.7259321 1255 1366 0.3289539 1178 1251
0.2820673 227 263 0.7353446 964 940
0.08546244 106 144 0.4021583 860 934
0.6038123 1072 1199 0.1927752 1250 1397
0.2596119 222 258 0.5798572 801 841
0.2426892 361 367 0.8015785 912 927
0.3599314 803 956 0.7201892 1301 1394
0.1638509 149 196 0.3865527 938 1064
0.2568742 441 488 0.443065 762 822
0.1394287 1293 1344 0.2667592 1281 1313
0.2537436 282 310 0.8076519 930 958
0.5526087 335 378 0.5044794 739 839
0.6393602 1088 1213 0.2925639 1317 1340
0.09423719 105 142 0.5247079 832 852
0.2302916 156 182 0.3284396 691 777
0.6400355 1317 1390 0.2749214 1206 1270
0.2751169 294 323 0.6336255 963 968
0.2091323 221 262 0.4653668 878 943
0.3659549 1098 1235 0.1668221 1230 1344
0.3711642 274 312 0.6041811 760 860
0.2617447 400 444 0.7959304 904 915
0.330315 853 1038 0.6523442 1260 1396
0.1634875 142 192 0.4222783 911 981
0.379729 228 261 0.4486408 757 827
0.194615 1313 1367 0.4257959 1164 1243
0.3479569 347 349 0.6486396 872 916
0.1102019 90 115 0.3996131 748 848
0.5696049 1278 1370 0.2844918 1440 1483
0.1154231 313 394 0.5151669 814 854
0.1569117 678 804 0.3320201 1003 1156
0.683152 1338 1375 0.3422342 1129 1208
0.2225359 284 336 0.5810483 991 944
0.09341808 116 139 0.4941908 862 917
0.480744 1101 1224 0.2000753 1235 1371
0.2875248 215 262 0.4948096 793 870
0.2382371 224 244 0.7547969 891 925
0.4165011 767 966 0.5077365 1240 1366
0.1020498 107 131 0.2918101 973 1106
0.2428282 208 271 0.4143804 783 856
0.1910654 1279 1345 0.4243078 1227 1282
0.1880396 827 906 0.8743609 1009 1004
0.1675891 712 894 0.405207 691 752
0.8626539 1273 1385 0.4045898 1472 1502
0.1302329 178 211 0.4292444 1025 1127
0.2904462 245 280 0.2403129 710 848
0.6027391 1206 1300 0.3241625 1144 1222
0.237536 338 368 0.8343578 962 956
0.08489154 100 145 0.3414586 833 941
0.4755113 1024 1221 0.2392435 1217 1348
0.240074 163 192 0.5629465 818 874
0.2154266 566 636 0.7710022 1212 1269
0.4561697 763 944 0.4401912 1230 1331
0 0 0 0.3850295 932 1033
0.3235048 243 309 0.4240694 1046 1167
0.1754455 1332 1319 0.3947566 1227 1268
0.2256521 236 263 0.6270976 1279 1324
0.1566664 625 654 0.7306417 952 948
0.7476889 1194 1313 0.3345735 1432 1513
0.2316976 344 388 0.3959754 778 851
0.2691253 241 271 0.3271574 749 818
0.6620383 1345 1458 0.3168052 1174 1273
0.2676766 231 271 0.6060021 1029 984
0.2096455 490 578 0.4213209 777 851
0.4729433 1138 1276 0.1741043 1253 1384
0.2164418 161 196 0.4023601 735 824
0.2854913 229 247 1.030639 971 963
0.3837014 913 1089 0.641513 1189 1377
0.1194784 107 136 0.2958307 752 866
0.369548 875 929 0.5399153 787 874
0.1676204 765 786 0.3130142 1215 1253
0.2641548 234 281 0.7127358 961 976
0.124363 99 129 0.3585619 860 950
0.7574638 1184 1257 0.3081767 1386 1396
0.1461882 167 195 0.4396272 1081 1178
0.3241087 289 315 0.3280759 741 848
0.5768357 1233 1355 0.2823546 1171 1243
0.2738983 309 346 0.6291031 968 951
0.1619113 219 260 0.4147073 762 866
0.5204904 1062 1207 0.2035101 1271 1379
0.2865385 205 254 0.6431862 745 834
0.3248922 279 304 0.9029471 933 943
0.4185462 884 1071 0.7424993 1253 1400
0.1298216 141 186 0.3334462 717 842
0.4184201 230 263 0.5161146 770 845
0.1425757 1365 1374 0.2772212 1189 1256
0.2748127 223 261 0.8073848 974 1003
0.1914645 293 330 0.6975194 977 997
0.8035693 1230 1325 0.3406403 1435 1437
0.1336932 176 204 0.4407486 842 908
0.1466387 459 558 0.3509058 1007 1154
0.5623314 1282 1390 0.2945384 1216 1218
0.2505001 248 262 0.5886872 956 979
0.1461361 281 332 0.3866454 782 858
0.4655428 1166 1272 0.2128087 1295 1430
0.3368272 182 195 0.5268701 791 864
0.2652549 232 272 0.6692432 918 940
0.3781795 896 1071 0.8667099 1269 1423
0.1805354 195 268 0.4295996 780 864
0.3105842 218 234 0.4757592 755 800
0.1924103 1360 1380 0.3658769 1173 1280
0.2721348 303 331 0.6763608 925 954
0.3159051 206 246 0.3934315 920 1046
0.7692131 1211 1301 0.3481858 1461 1436
0.1359876 105 137 0.4946904 829 886
0.2647324 290 323 0.4055712 755 826
0.624121 1272 1317 0.3427499 1100 1207
0.4763103 356 380 0.6347663 960 978
0.0854377 101 139 0.4298761 784 857
0.4519746 1085 1213 0.234189 1222 1356
0.2070423 785 856 0.8078218 816 864
0.2688541 233 254 0.7174833 901 947
0.3940278 855 1007 0.7426674 1264 1389
0.09583871 97 134 0.4577906 810 885
0.3114763 214 257 0.4616505 732 824
0.1766233 1323 1345 0.3263435 1215 1302
0.2735864 298 329 0.7773132 943 958
0.1653923 173 197 0.4156638 726 818
0.7001878 1245 1323 0.3514304 1473 1504
0.1090339 287 375 0.458535 864 888
0.3595672 193 236 0.4147564 675 798
0.6622659 1278 1348 0.3077436 1139 1253
0.181668 459 542 0.5787193 1252 1274
0.2185955 267 325 0.5570608 828 863
0.3852482 1053 1207 0.1892638 1261 1417
0.2536909 727 813 0.8051291 766 811
0.1684574 568 599 0.8414635 1258 1271
0.3994138 888 1051 0.6790215 1269 1394
0.0976492 138 179 0.5283254 773 824
0.2149002 209 246 0.4168148 711 831
0.156178 1377 1340 0.3253849 1202 1300
0.4096136 292 330 0.7251106 964 979
0.26485 300 341 0.424086 801 821
0.6582764 1150 1230 0.25248 1345 1359
0.1056427 92 130 0.5905054 839 887
0.2839364 338 369 0.3902616 723 835
0.6246321 1267 1356 0.400408 1099 1202
0.2423279 262 287 0.6003791 961 970
0.1811016 182 197 0.388144 791 883
0.5033323 1090 1192 0.2462278 1242 1334
0.207607 732 797 0.740446 817 827
0.4442964 293 340 0.7756976 943 947
0.3763785 956 1098 0.8448872 1296 1419
0.1175562 431 545 0.3073217 755 858
0.2587569 198 238 0.4146448 729 834
0.1432672 1346 1347 0.3258733 1248 1272
0.2456075 290 333 0.5278904 892 937
0.175254 708 729 0.700383 963 965
0.6863053 1278 1349 0.427847 1474 1483
0.1156588 115 145 0.5674092 806 876
0.2868199 219 255 0.3506076 748 849
0.6836591 1327 1386 0.3574381 1276 1310
0.2184144 259 280 0.7420859 1001 981
0.1074808 144 175 0.4418853 1112 1194
0.2345865 1101 1279 0.2425308 1305 1402
0.2657542 872 925 0.6418666 796 812
0.2772762 222 254 0.8551949 895 925
0.3279254 955 1059 0.7911428 1322 1398
0.1965723 515 628 0.4022034 1004 1146
0.2048765 348 393 0.418632 716 830
0.192136 1330 1308 0.3788403 1237 1286
0.3762628 352 369 0.7724917 963 992
0.174742 221 257 0.4299243 731 794
