0.7560301 1231 1319 0.2487921 1382 1471
0.2912537 586 698 0.5900749 1205 1180
0.3373442 623 715 0.8061733 870 875
0.9422784 1140 1283 0.9124117 1033 1121
0.8527158 726 831 0.8807371 1245 1225
0.2683091 586 686 0.6160293 1191 1241
0.2355465 1123 1275 0.4234747 972 1124
0.3834885 660 751 0.761798 1009 1097
0.6375738 691 746 1.061056 893 912
0.2181181 1176 1271 0.3845157 977 1179
0.2561595 580 667 0.7201105 1176 1151
0.5138843 687 796 0.5515391 865 952
0.5592483 751 891 1.085207 827 1094
0.9065492 701 802 0.7894992 966 930
0.5965343 727 824 0.6526877 935 931
0.879732 1300 1400 0.245837 1404 1467
0.2880855 584 686 0.5730848 1248 1250
0.4395376 632 758 0.7909023 973 1041
0.9621823 1179 1272 0.853062 1024 1117
0.7933865 759 847 1.128533 1060 1065
0.2780316 540 654 0.5932404 1139 1192
0.2553171 1110 1229 0.4882351 901 1089
0.3278052 633 727 0.7727908 1136 1187
0.6146795 677 789 0.9154159 963 979
0.2266628 1181 1283 0.3274842 1009 1192
0.2504579 851 1058 0.6062927 1180 1229
0.5338619 727 826 1.214617 1085 1138
0.3810185 871 1046 0.6640382 1011 1182
0.6037348 681 783 0.7815953 976 957
0.5464002 607 732 0.6216076 753 845
0.9203055 1219 1344 0.2705449 1397 1480
0.2265754 593 713 0.5537788 1252 1266
0.3231186 640 751 0.9609152 837 861
1.078179 1159 1260 0.9036169 1068 1172
0.8836342 765 846 1.007723 1035 1025
0.3481049 559 698 0.660626 1208 1204
0.3125869 1129 1255 0.7216604 929 1107
0.3811716 626 756 0.6159813 964 1025
0.8223972 689 749 1.138144 918 947
0.2380767 1177 1285 0.3603216 1002 1226
0.3029349 662 785 0.646688 993 970
0.3994444 674 779 0.9065642 1066 1139
0.3467818 826 1059 0.6576186 999 1200
0.6545424 720 831 0.5993451 1218 1251
0.2844687 614 743 0.6130069 1289 1253
0.7594023 1180 1301 0.2236324 1268 1370
0.2569102 579 701 0.5859007 1217 1267
0.4747692 670 744 1.039086 856 870
1.198829 1163 1267 1.152583 1032 1143
0.9658331 754 857 0.755062 1298 1302
0.2537589 550 682 0.7344086 1263 1229
0.2410906 1069 1226 0.6596248 1023 1172
0.3694606 888 1066 0.6025245 1021 1078
0.7037045 706 848 1.012533 1094 1139
0.1913073 1151 1290 0.3405251 979 1196
0.3137237 569 689 0.5390075 1174 1179
0.4159727 699 764 0.8040409 1096 1161
0.3534333 859 1069 0.6942671 957 1179
0.6347182 699 812 0.7666575 962 961
0.8493557 607 711 0.6564327 948 1050
0.8005043 1251 1311 0.2611942 1292 1350
0.2721652 553 693 0.5493649 1205 1224
0.3760655 624 711 0.6422817 1080 1143
1.176756 1104 1232 0.953497 995 1123
0.8388519 725 834 0.8178685 1178 1177
0.3641153 565 680 0.6665941 1247 1227
0.2980143 1162 1306 0.710527 960 1085
0.4311944 618 726 0.6813185 1030 1123
0.6226903 730 823 0.8869214 960 997
0.2101208 1127 1280 0.3790678 950 1092
0.2942503 640 749 0.5073122 1241 1226
0.4492395 634 750 0.9497915 1055 1106
0.3529715 850 1049 0.6924243 959 1157
0.6209719 661 760 0.7919652 1054 1026
0.4781689 700 808 0.6178827 960 965
0.8000113 1239 1360 0.2447744 1341 1457
0.2169866 551 692 0.5367475 1214 1233
0.4840538 618 748 1.058918 785 864
1.181925 1104 1222 1.065328 1045 1174
0.9083795 718 826 0.7762325 1202 1224
0.2984191 557 672 0.7000424 1188 1200
0.2395766 994 1115 0.548806 873 1034
0.4112251 662 759 0.7427953 1043 1167
0.6661041 684 798 0.9511756 926 939
0.2200067 1144 1285 0.3172495 1038 1208
0.3714846 629 762 0.6890934 1278 1207
0.5343411 642 755 0.7686326 1048 1155
0.3117525 837 1057 0.5879545 898 1173
0.7147714 668 776 0.6888121 1003 1011
0.3662421 584 677 0.5637317 1179 1207
0.7289722 1341 1399 0.2192636 1462 1481
0.2521667 513 614 0.5399173 1230 1247
0.4024493 683 781 0.6476347 1018 1102
1.049412 1044 1191 1.094625 930 1043
0.8329459 787 876 0.8214128 1259 1246
0.3144593 584 714 0.6726594 1156 1198
0.3312322 1075 1196 0.6031327 879 1012
0.442275 636 748 0.696628 1059 1138
0.9618411 704 806 0.9387991 933 945
0.2334418 1128 1270 0.3337232 995 1165
0.2569713 690 810 0.7141383 1267 1244
0.5231398 669 743 0.742865 1087 1154
0.3421939 815 1037 0.6217345 932 1126
0.9228874 786 871 1.100331 1232 1240
0.5203154 683 813 0.6045001 958 930
0.7958085 1273 1341 0.2238759 1350 1395
0.2097295 612 710 0.5553485 1229 1243
0.4655493 649 768 0.8653476 812 843
1.155379 1022 1136 0.9663578 1004 1136
0.7996778 770 839 0.9458415 947 951
0.2783176 576 696 0.6978105 1228 1248
0.3551988 1145 1282 0.5545707 996 1153
0.3790379 621 730 0.5826301 828 860
0.9146717 781 864 0.9752125 991 991
0.2078883 1068 1250 0.3126083 1006 1205
0.2846325 589 703 0.6813537 1211 1221
0.4889821 657 749 0.6182179 1061 1117
0.3635372 843 1041 0.6694736 989 1174
0.6407689 732 824 0.679724 1014 1001
0.5772241 605 697 0.6712242 1060 1135
0.80933 1168 1221 0.2183213 1245 1314
0.2047026 557 712 0.4259512 1124 1216
0.4519992 622 749 0.765384 752 821
1.175333 990 1128 1.054703 924 1034
0.8028176 705 811 0.8637058 979 994
0.2878019 603 745 0.6541213 1268 1268
0.4142921 1123 1248 0.7065694 899 1033
0.4164494 657 729 0.6152676 835 880
0.5100984 785 875 0.7765055 989 1008
0.173169 1133 1282 0.285423 1033 1206
0.2710472 613 727 0.6546767 1225 1240
0.4408348 697 750 0.6620611 1014 1080
0.4186172 915 1077 0.7804934 1108 1265
0.6824363 700 796 0.6489639 989 955
0.4492289 591 681 0.5357041 1190 1220
0.7671835 1238 1322 0.202494 1404 1439
0.4603076 581 696 0.7522865 1212 1231
0.4415303 626 730 0.6907948 822 867
0.97093 1047 1152 0.8525984 995 1087
0.9380727 723 824 1.024765 927 957
0.2876996 583 682 0.6632627 1275 1257
0.3980588 1062 1208 0.74035 898 1063
0.4989619 624 708 0.6531371 790 838
0.7373001 751 875 0.6531689 1170 1209
0.1729324 1220 1306 0.3301569 949 1100
0.3179634 575 674 0.6581279 1260 1243
0.6389549 627 741 0.5883459 1086 1149
0.3862353 861 1067 0.6970832 1055 1223
0.8013707 710 800 0.6940052 941 961
0.5186568 633 754 0.6625857 871 936
0.767769 1261 1328 0.1998085 1387 1469
0.2888356 553 651 0.6120012 1213 1207
0.3552886 643 749 0.7221113 767 833
0.881263 1043 1182 0.7736276 1132 1194
0.8133973 660 758 1.00327 898 866
0.2895726 602 704 0.7676167 1220 1254
0.4029751 1045 1182 0.9038479 868 1012
0.5364116 593 720 0.8161148 811 838
0.9619917 669 789 0.792497 898 935
0.1954527 1143 1267 0.3629983 975 1118
0.2575333 610 708 0.6013334 1224 1223
0.5268482 678 737 0.6939372 1106 1128
0.3255344 839 1055 0.6169724 1009 1174
0.5955624 731 798 0.7124692 984 957
0.6476007 765 847 0.6639822 948 941
0.7307432 1193 1283 0.2043412 1253 1325
0.3166787 574 681 0.6707484 1287 1238
0.4321081 644 754 0.7551254 754 824
0.8263296 1038 1155 0.8718778 1107 1195
0.6475379 714 801 1.033248 931 919
0.4492763 580 693 0.6988779 1217 1222
0.3762389 1203 1303 0.7376484 942 1086
0.3903354 961 1127 0.7661804 816 856
0.813557 712 799 0.7473193 936 965
0.1928718 1155 1279 0.3445081 920 1040
0.2568597 612 721 0.6036894 1200 1159
0.7673767 644 757 0.6560033 1120 1163
0.3810146 890 1082 0.6940349 1053 1244
0.7431018 700 793 0.8135825 964 945
0.3893211 605 729 0.5726089 1120 1115
0.8348781 1243 1330 0.2314039 1540 1573
0.2741312 626 745 0.7003378 1292 1305
0.4375063 657 757 0.5612785 967 1022
1.021338 967 1083 0.7701787 987 1092
0.7211704 760 794 1.002402 947 938
0.4380454 585 699 0.7037313 1227 1252
0.3947218 1159 1251 0.659344 936 1079
0.5019261 622 733 0.579145 830 837
0.683414 676 774 0.7561831 955 932
0.1873137 1179 1287 0.3062771 963 1081
0.273752 605 707 0.5890051 1214 1199
0.7360686 626 706 0.6664976 841 902
0.3320781 884 1083 0.6585744 1025 1187
0.6264015 695 797 0.7629129 983 1001
0.504838 715 839 0.6827928 928 959
0.8334133 1302 1305 0.2159233 1363 1387
0.3027736 580 697 0.6290817 1230 1241
0.3174026 645 757 0.5532146 826 879
0.823667 1100 1214 0.6917707 1030 1156
0.7090237 720 830 0.8938911 905 954
0.4084946 628 681 0.7155739 1228 1249
0.3803096 1128 1268 0.7020828 949 1105
0.4897824 684 802 0.6130779 970 1063
0.6497285 692 782 0.7485525 930 948
0.1657709 1224 1313 0.349025 962 1094
0.3210507 605 719 0.599351 1258 1243
0.5767555 619 720 0.5162762 1001 1118
0.3466078 938 1093 0.6876947 1075 1260
0.7272859 697 801 0.7608715 1001 987
0.5002289 657 750 0.6900581 807 844
0.7608023 1198 1323 0.2400175 1292 1421
0.2648996 606 755 0.6599439 1262 1226
0.4630302 636 713 0.6017365 812 879
1.12651 1014 1178 0.8641168 1078 1203
0.7889731 724 796 0.832365 940 935
0.3363775 575 670 0.6413436 1256 1266
0.4817507 1044 1194 0.8968301 898 1008
0.3700216 631 767 0.5980985 814 849
0.5664273 706 795 0.6846994 944 925
0.1572237 359 408 0.2989614 1021 1192
0.3036703 651 765 0.5899088 1249 1220
0.6859444 650 741 0.6510595 892 918
0.3538694 886 1081 0.6282937 1005 1186
0.5895653 711 807 0.6892771 959 978
0.3067044 827 1020 0.6471255 1253 1228
0.8571209 1288 1329 0.275992 1484 1515
0.25594 632 753 0.5778379 1187 1203
0.494823 638 739 0.7338098 909 990
1.244073 949 1144 0.7156383 1072 1161
0.7568191 717 821 0.7309319 909 928
0.2600256 668 757 0.6901968 1158 1219
0.5286182 1067 1229 1.043644 900 1011
0.4323903 623 727 0.6881064 836 856
1.010997 710 822 0.827099 966 913
0.149929 594 757 0.3106756 967 1118
0.2962318 613 715 0.6123948 1187 1203
0.463268 888 1046 0.5256468 997 1077
0.4058904 956 1118 0.7024315 1152 1318
0.6206056 677 789 0.7518793 928 930
0.6127383 626 706 0.5344874 1107 1160
0.8840862 1287 1377 0.2373656 1493 1507
0.2720427 598 691 0.5895663 1223 1270
0.3506204 633 762 0.6014659 832 859
0.8990348 1029 1144 0.6399679 1035 1176
0.8774578 726 819 0.7828442 906 928
0.2597945 653 794 0.7306346 1232 1223
0.6753525 1150 1272 1.032388 930 1089
0.258941 975 1135 0.6264703 1034 1113
0.7916624 779 882 0.740032 992 988
0.157974 585 723 0.3001632 970 1127
0.3140779 603 740 0.6610749 1264 1262
0.5612488 683 780 0.5491579 936 1024
0.3891227 871 1044 0.6002295 1039 1269
0.5100155 713 800 0.7311745 952 920
0.7471293 760 842 0.7225338 972 957
0.8389196 1240 1314 0.2138366 1315 1399
0.2919523 559 660 0.588769 1253 1265
0.3690132 627 783 0.5833167 966 1101
0.9500672 992 1127 0.6841301 1100 1186
0.6002331 720 816 0.8110765 921 932
0.1950548 899 1049 0.6782355 1233 1219
0.2480029 1001 1138 0.57269 915 1060
0.4379767 664 746 0.7055861 1043 1133
0.6007019 680 797 0.6876043 973 999
0.1507453 599 716 0.338327 1019 1117
0.2846208 625 753 0.6187207 1043 985
0.4815378 611 717 0.55586 801 856
0.3938656 777 986 0.5554588 1021 1272
0.6893787 678 762 0.6836163 983 1026
0.2507606 590 731 0.6306589 1191 1204
0.7763332 1189 1277 0.2034011 1403 1494
0.2694216 572 660 0.7097225 935 906
0.3654362 612 742 0.5077422 1017 1136
0.9136136 1109 1190 0.6314349 1076 1183
0.4760993 718 812 0.754822 942 893
0.2290828 761 884 0.679049 1189 1206
0.2409107 977 1190 0.6446231 881 1032
0.3835244 902 1107 0.7780617 817 846
0.9709616 706 776 0.7522305 947 949
0.1456718 476 590 0.3250892 980 1112
0.3344553 593 708 0.6205968 1268 1260
0.4742199 729 814 0.5169109 975 1067
0.4090433 791 956 0.5425295 1010 1371
0.6806768 720 805 0.6685864 992 1002
0.6751536 806 869 0.6463996 1049 1069
0.761951 1144 1241 0.2316371 1379 1415
0.2609277 636 761 0.6012952 1214 1245
0.287046 636 754 0.5700856 1020 1118
0.943049 1072 1190 0.7296473 1100 1219
0.6021649 720 822 0.8145583 912 933
0.3357483 812 943 0.8127294 1133 1173
0.2950606 1012 1174 0.7624552 973 1111
0.4564908 622 739 0.8537828 839 851
0.8996599 668 756 0.7117169 1092 1109
0.1600926 378 467 0.3098034 1038 1168
0.3022967 546 694 0.5591941 1207 1216
0.4685306 649 719 0.4932708 927 1012
0.3922909 835 1024 0.587734 1044 1306
0.7679007 685 793 0.6551864 934 928
0.5642381 629 697 1.017822 1121 1185
0.6656713 1207 1312 0.2369 1456 1501
0.2495 571 725 0.5749027 1240 1249
0.4974051 626 724 0.8840771 747 812
1.04938 972 1145 0.7223319 1092 1202
0.5593148 701 812 0.8165777 939 950
0.2634439 657 753 0.7135735 1184 1177
0.4284445 1036 1121 0.9435614 927 1063
0.5348839 797 907 0.6920862 966 1022
0.9028131 796 877 0.6306414 1114 1103
0.1578837 590 706 0.3009672 1047 1189
0.2926441 626 712 0.6727825 946 906
0.5484848 631 710 0.4777176 958 1024
0.3916132 815 1005 0.5242931 1063 1276
0.8267771 694 792 0.7004689 1086 1071
0.2300249 596 698 0.6054297 1177 1200
0.8449734 1261 1347 0.2597584 1377 1469
0.3085455 624 729 0.7022473 1234 1230
0.3695389 658 793 0.6630154 793 839
0.8433426 1071 1174 0.7808543 1120 1188
0.4540914 758 856 0.7702775 959 979
0.3015657 694 825 0.7318261 1108 1097
0.5267327 933 1107 1.174855 854 1037
0.6271473 616 710 0.7311373 1038 1111
1.219481 668 754 0.8049706 1030 1011
0.1607204 1003 1253 0.3504086 992 1142
0.2837774 649 763 0.683545 1316 1191
0.5125849 622 735 0.5227847 848 904
0.4200736 881 1070 0.7605959 1308 1377
0.5921593 718 795 0.7898312 950 934
0.322413 691 777 0.9432205 1105 1146
0.8062761 1151 1295 0.2718145 1382 1382
0.2913041 583 692 0.6125357 1182 1210
0.3858458 583 709 0.5992836 864 951
0.9358094 1076 1246 0.7124196 1108 1221
0.6092382 723 843 0.7528394 949 961
0.2327779 646 740 0.5917892 1110 1116
0.1978349 971 1149 0.5569408 918 1091
0.6232585 631 740 0.634685 1092 1126
1.133444 750 855 0.829965 1036 1016
0.1567344 634 732 0.2557392 1100 1227
0.3762347 567 649 0.6531498 1224 1211
0.5704992 621 724 0.4987884 945 1028
0.4137069 870 1056 0.5851688 1227 1363
0.6898334 824 903 0.6870603 1071 1073
0.8955263 757 828 0.6977269 957 931
0.724068 1232 1355 0.2522485 1446 1510
0.3087803 652 785 0.6658455 1253 1236
0.2910716 618 745 0.6222808 810 837
0.7951545 1305 1367 0.7892925 1185 1269
0.5695578 703 801 0.7146522 1085 1076
0.3856349 885 1061 0.7926272 1163 1190
0.1653555 1029 1242 0.5913929 878 1056
0.3552793 629 732 0.5631943 1051 1127
0.8984303 668 758 0.6213387 1049 1046
0.2224265 1032 1188 0.3837212 1033 1187
0.2856157 607 695 0.563184 1214 1202
0.5785251 615 725 0.5855803 767 805
0.4019712 803 1008 0.6470031 1268 1377
0.4799238 859 970 0.6653109 1014 1004
0.2521702 600 737 0.5912351 1243 1221
0.65657 1292 1371 0.1931149 1473 1532
0.2949936 766 978 0.6992923 1196 1227
0.3211277 549 675 0.7444548 728 775
0.8351453 1151 1273 0.8061735 1198 1266
0.7234819 716 828 0.8709068 994 1016
0.269974 812 999 0.7147114 1199 1171
0.1998888 1021 1202 0.7639046 934 1086
0.3709424 939 1094 0.602077 960 990
0.8382851 693 786 0.6841842 940 934
0.2141184 1171 1273 0.3839637 991 1151
0.2992826 639 785 0.5883967 1193 1210
0.3742076 651 754 0.534207 768 844
0.4161935 847 1040 0.545724 1241 1371
0.5322959 700 786 0.7665108 990 992
0.6068183 757 833 0.6898763 978 950
0.9757226 1160 1245 0.3068509 1229 1349
0.4761829 552 668 0.7824834 907 939
0.3582484 614 739 0.6553382 802 869
1.021783 1143 1196 0.8788124 1115 1198
0.6127668 680 790 0.8808857 992 1013
0.4051695 697 780 0.7413215 1262 1233
0.1860138 1030 1191 0.6644238 891 1090
0.54881 691 810 0.7693117 828 873
0.9927642 699 776 0.6527731 947 952
0.208485 1202 1301 0.3369984 994 1170
0.3046834 629 745 0.5541872 1227 1220
0.6028504 613 694 0.5176366 1027 1123
0.3943367 757 984 0.498165 1250 1355
0.567588 775 858 0.7994851 1088 1043
0.2786697 668 765 0.9118929 1109 1129
0.9954054 1170 1276 0.2859186 1252 1340
0.2112949 828 1014 0.6615574 1237 1206
0.4383346 607 731 0.5097024 1011 1129
0.8712242 1087 1191 0.6943817 1062 1150
0.7997252 724 793 1.031579 917 942
0.2713025 681 792 0.6909834 1190 1199
0.3040759 930 1128 0.6925108 806 968
0.466326 637 758 0.5790939 808 842
0.8992256 680 788 0.6372254 912 930
0.2157174 1194 1288 0.3461426 1024 1207
0.285291 685 815 0.6423641 1165 1142
0.4700675 652 747 0.5591 775 840
0.358488 921 1122 0.5968903 1187 1295
0.5059476 710 798 0.7231926 959 929
0.3188312 575 684 0.6548049 1240 1232
0.9398852 1225 1320 0.3232617 1370 1405
0.2707283 582 687 0.6622003 1185 1161
0.3187123 652 771 0.5964651 830 881
1.248188 1191 1266 0.8367311 1097 1188
0.968845 710 793 0.8468652 1242 1253
0.2777323 557 649 0.7644594 884 848
0.220602 1042 1238 0.7117125 919 1079
0.4443735 638 746 0.5818799 790 842
0.7659206 709 799 0.7103867 969 931
0.2165208 1215 1276 0.3363287 1011 1177
0.3282731 617 714 0.5952811 1173 1161
0.4112617 676 806 0.4932477 1005 1087
0.3717714 835 1047 0.4985906 1262 1370
0.5171281 1142 1223 0.7369989 937 947
0.333276 687 777 0.8159564 1123 1183
0.8009499 1168 1313 0.2384099 1254 1352
0.3083354 739 969 0.7115289 1167 1198
0.3264161 608 761 0.5736855 800 845
1.074463 1112 1210 0.7011772 1179 1246
0.7809784 673 758 0.9956447 1187 1210
0.2568296 829 1014 0.72215 1231 1215
0.1783804 1092 1248 0.4163322 953 1101
0.496982 666 738 0.5750089 788 836
0.867938 652 775 0.6179988 920 936
0.2196254 1220 1286 0.3770182 969 1146
0.3544596 638 762 0.6105732 1284 1266
0.4876015 624 706 0.4994159 858 921
0.6107085 662 783 1.168961 778 1081
0.6098109 727 788 0.72716 988 1000
0.6262308 723 804 0.5997131 1115 1139
0.8390826 1175 1298 0.285484 1373 1471
0.3431334 561 683 0.7644975 900 886
0.3681158 646 736 0.5693603 1023 1070
1.127 1174 1273 1.17134 1064 1167
0.6580329 682 803 1.073004 922 926
0.2817645 701 806 0.7428026 1252 1233
0.1975968 1148 1364 0.5683112 989 1134
0.4385884 646 744 0.4803039 1036 1134
1.020051 680 774 0.6398819 911 942
0.2217649 1164 1284 0.3854365 977 1172
0.3051238 650 805 0.5953291 1247 1211
0.3197567 657 753 0.516237 780 851
0.5696745 758 969 1.111637 878 1139
0.850754 718 821 0.6899104 975 960
0.3079319 572 662 0.632678 1294 1282
